8
2
5
2
8
0
0
6
3
19
10
1
12
15
19
17
19
14
1
8
21
13
8
14
11
6
11
19
9
10
17
8
10
4
15
2
0
20
20
20
18
14
1
20
13
7
21
3
3
20
21
12
18
1
11
9
7
21
1
15
4
10
17
21
4
4
19
15
11
10
1
3
20
4
13
18
5
18
1
17
11
1
21
0
11
4
11
14
17
15
15
19
20
18
19
18
6
12
15
19
0
5
9
2
21
8
5
13
21
19
17
21
14
12
1
19
4
4
9
17
19
4
5
2
2
13
16
11
3
3
21
17
6
11
3
2
17
17
16
11
19
8
21
14
13
6
20
17
13
17
16
6
7
2
5
21
0
5
18
0
4
6
11
0
7
7
9
0
5
21
8
11
13
4
10
8
18
13
7
6
7
9
7
3
11
6
4
6
17
0
13
11
11
10
7
9
12
8
10
4
1
18
21
17
0
4
21
10
9
6
1
17
14
4
15
1
4
2
8
20
21
13
1
18
14
16
1
0
0
17
2
11
3
20
21
10
4
7
6
9
15
3
0
7
4
18
10
11
6
10
14
9
3
20
13
17
16
6
12
1
17
9
0
19
17
11
1
15
0
3
15
11
17
5
7
9
6
2
1
10
21
4
12
8
21
2
1
4
0
1
21
17
20
0
0
15
14
11
1
16
9
13
10
19
15
9
5
2
4
0
16
16
16
19
16
15
6
2
17
15
2
15
21
18
9
3
15
18
8
19
12
18
11
20
2
13
13
12
12
3
20
1
14
9
10
13
11
5
15
21
11
9
5
21
21
7
9
18
3
11
0
21
13
10
13
17
3
1
5
19
1
17
21
16
14
14
11
8
18
17
4
20
19
21
3
4
0
1
19
0
8
0
4
14
19
0
7
20
19
15
16
15
13
11
11
7
14
13
10
6
9
1
1
8
11
16
12
19
14
21
1
15
4
0
4
1
12
3
10
16
15
18
10
0
16
1
19
21
18
14
20
10
21
5
5
5
10
15
14
20
5
15
20
12
5
10
7
3
10
8
15
6
7
21
10
1
11
17
1
19
16
21
9
18
0
11
15
10
13
15
1
13
2
15
2
5
11
19
16
3
0
19
15
11
16
4
17
5
15
8
17
19
20
1
17
6
15
21
2
2
9
1
0
8
13
10
12
0
17
8
3
7
1
3
9
15
16
14
5
2
18
8
9
4
7
1
18
6
19
17
18
2
2
9
11
8
15
18
6
11
12
14
6
3
7
19
15
3
9
15
12
19
20
12
13
10
16
12
20
9
11
11
4
19
16
13
2
10
9
15
10
7
2
12
0
11
15
15
3
5
7
0
8
0
9
1
17
4
11
9
4
5
9
18
18
19
1
3
16
14
6
2
11
17
17
8
7
8
7
18
3
12
9
20
20
0
21
0
2
19
11
9
18
16
21
10
10
4
19
13
18
7
17
6
17
4
17
1
20
10
2
3
4
10
12
2
13
14
0
10
13
4
9
3
13
11
5
3
18
21
11
14
