21
21
21
21
21
21
23
23
23
23
23
23
23
23
23
23
23
23
23
23
23
23
23
23
23
23
23
23
23
23
23
21
21
21
20
20
20
17
17
17
17
15
15
15
14
13
12
12
5
6
7
7
7
7
7
6
3
4
3
2
2
0
0
0
0
0
5
6
7
7
7
6
6
7
5
6
5
4
940365230
5
5
6
10
10
10
10
13
14
16
17
18
18
19
20
20
20
22
22
22
22
22
22
22
22
22
22
22
22
22
21
21
21
21
21
21
21
19
19
18
17
16
16
14
13
4
0
0
0
0
0
0
0
0
0
0
0
0
0
0
0
0
0
0
0
0
0
0
0
0
0
2
2
0
0
3
2
2
4
0
0
2
7
4
0
2
0
0
2
3
2
3
5
5
7
8
6
7
9
16
16
17
16
14
14
15
16
16
17
18
19
19
19
20
20
21
21
22
22
22
22
22
22
22
22
22
22
22
22
22
22
20
18
17
16
14
14
14
14
11
7
5
0
0
0
0
0
0
0
0
0
0
0
0
0
0
0
2
0
0
0
2
0
0
0
3
0
0
0
3
2
2
0
0
3
3
0
0
0
3
0
0
0
0
2
2
0
2
2
2
0
4
2
5
5
6
5
9
12
13
14
14
14
15
15
16
17
18
19
19
20
22
22
22
22
22
22
22
22
22
22
22
23
23
23
23
23
22
20
19
17
17
14
8
8
6
2
0
0
0
0
0
0
0
0
0
0
0
0
0
2
0
0
2
2
2
2
0
0
0
0
3
5
3
2
0
2
2
0
0
0
2
0
2
2
2
2
3
3
0
0
0
0
0
4
5
7
7
6
6
12
13
14
14
16
15
15
16
16
17
18
19
20
20
21
22
22
22
22
23
23
23
23
23
23
23
23
23
23
23
23
23
23
22
20
19
17
15
15
13
13
11
8
4
0
0
0
0
0
0
0
0
0
0
0
0
0
0
0
0
0
0
0
0
0
0
0
0
0
0
0
3
3
2
2
0
0
0
0
0
4
7
4
3
2
3
2
2
0
3
3
8
6
7
12
16
16
18
19
17
17
17
17
18
19
19
19
20
20
20
20
20
21
21
21
23
23
23
23
23
23
23
23
23
23
23
23
22
21
19
17
16
15
14
13
14
13
13
12
4
0
0
0
0
0
0
0
0
0
0
0
0
0
0
0
0
0
0
0
0
2
2
2
0
4
3
0
4
8
7
6
6
7
5
5
5
8
7
8
8
9
7
8
8
10
6
5
2
0
0
0
3
3
5
7
9
12
12
15
16
18
19
19
20
20
19
22
22
22
22
22
21
20
20
20
20
20
21
21
21
21
21
21
21
21
21
21
21
20
20
20
20
19
19
19
19
19
19
18
18
18
17
16
16
16
15
15
14
12
12
11
11
8
5
6
2
4
4
3
3
4
3
2
3
3
4
4
3
1
3
2
2
2
4
3
6
6
8
9
10
12
13
14
13
13
10
11
11
1
13
13
13
15
16
17
18
19
19
19
19
20
20
21
